17.737 16.171 20.899 20.063 5.0322 2.6532 0.60467 1.1284 0.58942 0 0.43288 0.37194 0 0.46308 4.9655 1.3593 12.504 0 0.79702 0 0.99434 0 1.6265 0.35356 0.71649 2.4054 1.3706 1.4089 0 0.82794 0 0 1.5324 5.1675 12.247 0 1.5619 11.205 0.57769 0.1055 0.40972 1.3829 0.4682 2.3817 1.2469 0 0.86605 0.54002 4.988 15.649 20.442 3.2632 5.3642 5.1912 10.908 11.886 1.848 1.7681 3.7713 0.85546 0.74002 0 1.0418 2.6458 18.898 14.235 0 0 5.4011 8.3107 0.91713 0.74073 0 1.0296 2.1716 1.4933 1.1499 0 0 0 1.4519 0 0 0.50649 1.8194 0.65078 0 0 0.82225 0 6.9351 5.2581 0.49543 0.49441 7.724 7.5354 0 0 0 0 0 0 0 0 0 0.37072 1.3388 0.43267 0 0.48364 0 0 0 0.5749 0 0 0 0.45406 0 0 0 0 0 0 0 1.7559 3.2405 3.5298 0 0 0 0 0 0.2729 0 0 0.35123 0 0 0.69311 0 0.25197 0 0 0 0 0.92599 0 0.56346 0.37793 0.6875 0 0 0 0 0 0 0 0.79296 0 0.4417 0 0 0.45697 5.6938 0 0 0 0.45861 0.94243 0 0 0 0 0 0 0 3.4294 0 0 0 1.0545 0 0 0 0 7.5343 21.991 23.042 19.035 13.151 12.675 8.8115 0.42487 0.46756 0 0.42639 1.3504 0.43728 0.44697 5.3868 2.5136 4.9518 3.3267 7.5546 0 0 0.48414 0 0 22.687 16.244 6.9978 9.8179 14.731 26.433 1.8875 2.2513 0.98853 12.513 0 0.44325 0.55728 4.1427 1.8579 2.7179 1.0444 0 1.4386 0.4433 0 1.5181 1.4696 0.48642 0 0 1.4285 0.58046 1.7842 1.3676 0.45636 0.49855 0 2.0095 0.53791 1.5799 12.501 1.839 2.4055 7.747 10.98 0 0 0.51474 0.48978 1.5594 1.492 0 2.985 0.52235 0.9083 1.5284 0.54559 0 0 5.335 4.3941 21.442 14.317 17.406 8.9275 7.8936 7.8393 20.479 1.5693 0 1.5766 2.0681 1.5862 1.058 2.1075 0.99378 1.006 2.4343 3.5699 6.7804 13.373 3.0675 0 0 0 0 0 0 0 0 0 0 0.4411 0 5.7212 1.5159 4.2348 1.6025 2.2232 1.0212
16.171 19.601 20.446 23.658 21.521 2.3839 9.0475 2.744 0.56781 5.1122 2.6251 2.6124 2.6037 1.3947 4.8882 2.4569 21.272 0.50665 0.85348 0.84135 1.0967 0.47382 6.1358 0.8854 0 0 2.3513 5.3779 0 1.1684 0 0 0.43013 1.7126 20.206 3.7261 1.1733 11.5 1.2658 0.65513 0.76439 0.94387 0.80428 2.0601 1.1663 0.80759 6.4279 1.0152 2.7659 8.5342 13.116 2.5737 2.8958 4.0242 8.5568 14.456 2.4689 1.3458 6.9432 3.4022 0.67638 0.48081 0.59716 0.31978 3.5056 3.4474 0.7344 0.56239 5.389 8.5635 0.93178 0.91293 6.0134 1.1448 3.9584 2.172 0 0 0.71529 2.6221 4.9774 0 0 1.0169 0.82029 2.9616 0.35831 0.80121 1.9543 0.91782 14.488 11.648 1.6959 1.4873 0.47848 1.2264 5.9952 4.0074 0.32387 0 0 0 0.45903 0 0 0 0 0 0.50356 2.6084 0 0 0 0 0 1.1135 0 0 0 0 3.8328 0 0.34079 0 0.56404 0 0 0.6777 5.6701 0 0 0 0 0 0 0 0 0 0 0 0 0 0 0 1.3336 0 0 0 0 0 0.4511 0 0 0 0.38747 0.42003 0 1.1408 1.1391 0.57348 2.8315 0 0 0.4762 1.9877 1.5 0 0 0.4246 0.89236 0 0.62614 0 0.49656 0 0 0 1.9856 0 0 0.31034 0 0.21877 0.63742 0 0.56067 14.944 11.628 8.0275 6.3095 11.743 23.88 20.25 0 0 0 0 0.90178 0.46503 0.52727 1.8452 0.4256 1.2316 0.43845 1.3234 0 0 0 0.3682 0 8.4645 5.1306 1.5257 0.98484 2.2972 7.4695 1.304 0 0 5.1849 0 0 0 1.7069 0.44987 0.87477 0 0 0.85028 0.45002 0 0 0.55545 0 0 0 0.44981 0 4.9693 18.552 1.5035 8.5611 0 0 0.38557 0 1.1608 0 0 0.54845 1.4256 0 0 0 0 0 0 0 0 0 0 0 0.30793 0 0.37933 1.3398 0.48566 3.6903 2.1044 5.8858 0.96998 2.4678 2.9371 9.7079 0 0 0 0 0.55509 0 0 0 0.37101 0 0.52929 1.5742 3.4813 0.48106 0 0 0 0 0 0 1.9431 0 0 0 9.6531 0 20.928 0 25.714 1.5366 22.26 2.9929
20.899 20.446 19.555 22.636 15.991 3.4335 1.5631 3.0961 0.91534 0.95279 1.1738 0.39607 0.2228 2.312 4.3174 1.9497 14.887 0.45458 7.5164 1.264 4.7751 0.52574 2.5027 2.2464 0.85166 3.7619 6.0878 1.2964 0 0.67518 0.41043 0 0.49814 6.8172 23.719 6.1462 11.74 22.477 2.9823 0.89524 0.7918 0.88113 1.8118 3.7587 4.3128 0 2.1074 0.71754 7.9338 13.512 19.968 4.7448 7.357 12.339 10.847 20.53 0.88756 1.6725 0.58614 0.7878 1.4689 0 0 0.27082 8.1625 8.8721 0 0.25211 3.759 5.9121 0.96283 0 0.63798 1.0073 4.4475 2.191 0 0 0 0 0.45168 0 0 0 0 0.81716 0 0 0.93311 0.41972 6.0688 3.5821 0.36452 0 0.54423 3.486 0.26934 0.85111 0 0 0 0 0 0 0 0 0.32236 0 0 0 0 0.5239 0 0 0 0 0 0 0 0 0 0 0 0 0 0.29658 0.52121 0.75467 1.124 0 0 0 0 0 0 0 0 0 0 0 0 0 0 0 0.34014 0 0 0 0 0 0 0 0 0 0 0 0 0 0.4009 0 0 0 0 0.46857 5.3263 0 0 0 0.96285 0.92334 0 0.47069 0 0.50644 0.4517 0 0 3.8437 0 0 0 0.52179 0 0 0 0 17.37 19.866 13.675 8.1934 14.988 21.559 2.4531 0 0 0 0.90186 0.4467 0 0 4.3882 1.3095 3.325 0.825 2.9152 0 0 0 0 0 17.027 15.161 2.7985 4.4626 4.1454 13.748 1.0174 0 0.51951 13.976 0 0 0.57323 2.3461 0.89329 0.44809 0 0.44702 0.45119 0.40256 0 0 0.55004 0 0 0 0 0.58505 0.43995 2.9974 0 0.5273 0 0 0 0.48348 2.7662 0 0 2.1359 2.8755 0 0 0 0.99043 0 0.97274 0 0.57964 0 0.3888 1.1999 0.79419 0 1.9801 3.18 0.99546 6.0758 4.0055 8.0658 2.0134 5.5882 3.49 16.495 0.40309 0.55233 0 1.0809 0 0.51968 0.93073 0 0.44785 2.9963 1.4571 3.6256 8.8701 2.5524 0 0 0.50369 0.49288 0 0 0 0 0.29698 0 0.73251 0 5.9099 0 4.0089 0 2.8211 0
20.063 23.658 22.636 20.727 24.955 0.99739 0.55078 0.54768 0 1.1663 0.75825 0.9934 0.37249 0.41475 1.8706 0.43209 14.309 0.26764 1.6417 3.0999 0.37736 0 1.3071 0.70263 1.3715 0 0.35631 1.5047 0 0.61785 0.47553 0 0 0.39274 22.736 2.285 2.1129 6.5433 0.29899 0 0.34189 0.59009 0.20316 0.4429 0.35371 0.30877 1.3477 0.12414 1.6173 2.3962 2.8807 0.3514 0 1.0089 1.4999 4.3515 0 0.34396 1.7897 0.70666 0.86617 0 0.14361 0.74995 2.5174 1.3261 0.8233 0 0.41647 2.9171 0 0 0.63555 0.48827 1.623 0 0.39789 0 0 0 0.32593 0 0 0 0 0.3789 0 0 1.0682 0 5.8612 6.0463 1.396 0 2.9262 10.821 0.39746 8.2564 0.45805 0 0 0 0 0 0 0 0 0 0 0 0 0 0 0 0 0 0 0 0 0 0 0 0 0 0 1.8226 0.6552 0.35702 4.3065 0.31602 0.4269 0 0 0 0 0 0 0 0 0 0.13145 0.28843 0 0.36262 0.70394 0.52099 0.52436 0 0 0 0 0 0 0.42576 0 0 0 0 0 0 0.40347 0 0 0.44459 2.3322 0.44225 0 0.44423 0.44414 0.93056 0 0 0 0 0 0 0 1.869 0 0 0 0 0 0 0.47916 0 23.385 20.453 21.314 15.525 21.602 24.399 4.8724 0 0.42428 0 0.78089 0.40148 0.40208 0 5.6964 2.1604 3.7953 0.42439 1.9847 0 0 0 0 0 12.697 15.182 1.373 2.1515 2.9627 7.237 0.45609 0 0 13.136 0 0 0 0 0 0 0 0 0 0.4046 0 0 0 0 0 0 0 0 0.83514 2.8723 0 0 0 0 0 0.49835 0 0 0 0 0 0 0 0 0.51714 0 0 0 0 0.29655 0.40966 1.1888 0.45007 0.25746 1.5657 0.84859 0.50456 0.83386 0 1.9433 0 2.8004 2.2632 3.6636 0 0 0 0 0.3053 0 0 0.40034 0.58373 1.8702 0.49878 0.9683 2.3236 1.432 0 0 0 0 0 0 0 0 0 0 0.38547 0 10.269 0.40998 7.0788 0 3.1896 0.34587
5.0322 21.521 15.991 24.955 20.019 0.45676 1.9654 1.3229 1.158 2.6636 5.6188 2.0691 2.3373 0 5.9615 1.8727 22.234 0 1.3203 9.6132 0 0 1.1325 0.39293 2.8963 0.62845 0.2362 3.6219 0 0.71721 0 0 0 0.65715 23.776 1.8984 0 2.3993 1.2208 0 0 0 0.47396 1.693 0.22871 0.38954 2.4209 0 1.2078 3.5479 2.725 0.36243 0 0.37281 0.77598 5.2943 0.39386 0 1.7958 0.70384 0.60508 0 0 0.30284 0.38319 0.87722 0.32991 0 0.65055 3.2739 1.1688 0.26963 0.72451 0 1.1774 0 0 0 0 0 0.4486 0 0 0.38769 0 0.20452 0 0 1.196 0.22916 6.405 3.8269 0.84207 0 0 1.6215 1.1302 4.5509 0.42166 0 0 0.29649 0.27913 0 0 0 0 0 0 0 0 0 0 0 0 0 0 0 0 0 0 0 0 0 0.43634 0 0 0 2.6596 0 0 0 0 0 0 0 0 0.37539 0 0 0 0 0 0 0 0 0 0 0 0 0 0 0 0 0 0 0 0 0 0 0.34767 0 0 0 0 0 0 0 0 0 0 0 0 0 0 0 0 0 0 0 0 0 0 0 0 0 19.47 4.0061 3.6693 7.9472 13.415 23.67 2.6755 0 0 0 0 0.46344 0 0 0.47044 0 0.40855 0 0.41324 0 0 0 0 0 0.40599 0.8641 0 0 0 0 0 0 0 0 0 0 0 0 0 0 0 0 0 0 0 0 0 0 0 0 0 0 0.77232 5.3991 0 0 0 0 0 0 0 0 0 0 0 0 0 0 0 0 0 0 0 0 0 0.62165 0.57169 0.34108 1.446 0 0 0.46189 0 0.43995 0 0 0 0.88833 0 0 0 0 0 0 0 0 0.38697 0 0.42688 0 0.92307 0 0 0 0 0 0 0 0 0 0 0 1.3016 0.38451 10.708 0.46526 9.7931 1.0042 5.3614 0
2.6532 2.3839 3.4335 0.99739 0.45676 18.47 19.152 22.038 19.022 2.9086 0.28186 0 0.50099 0.58834 0.69299 0.55012 2.6309 0.25673 0 1.0602 3.7117 2.8403 12.373 0.84601 0.80751 0.79799 1.964 0.44019 0 2.4862 2.168 0.68831 1.3033 0.48711 1.1482 0.85715 5.3712 4.2149 0.33958 1.2637 1.0968 12.741 2.1343 2.8139 11.891 1.1454 1.5399 0.35213 2.4063 1.7493 0.52793 9.1697 16.684 21.439 1.7542 7.1578 9.0539 12.157 1.5813 2.3747 3.1118 3.1852 0.60228 0 0 0 16.001 14.755 4.443 7.5046 1.4603 0 0 5.362 9.2996 0.48658 0.9214 0.38886 0 0.35857 1.459 0.58257 0 0.36512 0.7202 0 0.52092 0 2.0591 3.09 1.5045 2.0249 0.24637 10.685 7.7928 0.94823 0.37709 0.284 0.46356 0 7.2889 7.7364 1.0386 0.78582 0.45763 0 0.86369 0 0 1.0368 0.78772 0.27505 0 0 0 0.35406 0.72298 0 0.45046 0 0.60333 0 0 0 0.19313 0 0.33029 0 0.51728 0 4.5669 2.4513 5.5283 0.44053 0.40081 0.45445 0 0.55163 0 0.92335 0 0.48585 0.90486 0.47909 0.79528 0 0.45231 0.19671 0.56107 0 0 1.1388 0.48418 0.97445 0 0.45236 0 0 0.32106 0.88942 1.0465 0 2.3902 0 0.51485 0 0 0 0.45689 0 0.76249 5.2799 0.47877 0 0 0.42163 0 0 0 0 0 0 0 0 0 0 0 0 0 0.53883 0 0 0 4.3763 21.024 18.561 19.537 13.738 10.345 7.4114 0.72991 0 0.39689 0.93781 1.4171 10.635 2.5058 4.4007 3.9248 6.9661 0.41639 0.37332 0 24.672 0.54143 7.6725 23.255 16.139 24.005 3.4268 26.31 6.3271 0.36664 0 0 0 2.9164 0 1.8154 0.51247 0.49107 1.9053 0.45686 0.88166 0 0 0.46419 0.42645 2.0461 4.5544 0 3.5518 0 0.44415 1.0162 1.0233 0 0.47658 0 1.9425 0 4.8445 0.50264 8.0548 0 0.96474 0.89454 8.36 3.8569 0.66325 0 2.4178 2.2366 0.47987 3.4019 2.0296 0 0 0 0 0.45639 0.31051 0 0.32627 1.3611 7.1639 2.9449 9.5858 11.969 6.6133 14.986 0.89558 1.928 1.9436 1.3686 0 2.0212 0.46367 1.4713 0.90038 1.9239 7.9647 1.8556 0.48169 0.46169 0.41787 0.31208 0 1.0059 0.89204 1.5116 9.4985 2.0725 4.9745 2.1281 4.779
0.60467 9.0475 1.5631 0.55078 1.9654 19.152 20.727 23.754 23.981 21.19 1.0582 1.7185 1.4151 1.1427 2.7105 0.80859 9.0555 2.6329 2.13 1.9667 5.0809 3.6394 21.629 0 1.0185 1.4958 0.41355 0 0.74019 0.65161 1.1767 0.37157 3.5102 0.86428 0.53945 0.30954 0 0.94459 0.42277 1.5521 1.1605 18.071 1.7846 2.5706 9.8737 1.6347 0.56675 2.3487 1.0379 1.0529 1.2846 2.2681 7.4377 12.319 0.95937 2.4776 6.7474 12.131 1.7496 0.46637 0.74983 3.6708 0.88637 0 0 0.88276 1.4549 3.5029 1.0761 3.7877 4.2419 2.4623 3.8114 2.5943 7.3005 0 0.55146 1.2653 0 0 0.84646 0 0.86799 1.8048 1.2759 0 0.27039 0.81303 2.0896 1.0652 1.9814 2.2907 1.2514 10.553 8.1142 1.7572 0.55528 0.74736 0.29214 0 0 0.86992 7.8862 3.0758 0.39331 0 0.70969 0.56731 0.45067 1.0893 0.45257 0 0 0 0 1.3555 0 0 0 0 1.1119 0.18144 0 0 4.3509 0.39587 0 0.4995 2.3461 1.3801 0 0.26861 3.2808 0 1.1671 1.6216 0 0 0 0 0.25953 0 0 0 0 0 0 0 0 0.73388 0 0 0 0.2575 0 0 0 1.8507 0 0 2.3133 0 0.46249 3.0535 0.48724 0 0.10978 0 1.8898 0 0.88478 0.88785 0 0.50488 0.49197 0 0 0 0 0 0 0 0.68402 0.49752 0.40092 0.61069 0.92694 0 0 0 0 0 0.84334 15.587 9.5775 6.4136 7.0797 13.068 23.751 19.278 0 0 0.52429 0 0 3.6348 0.85775 2.0917 1.6905 3.4631 0 0 0 7.4657 0 0.51029 4.2475 1.8756 6.4808 0 17.205 3.5966 0 0 0 0 0.555 0.22813 0.43169 0 0 0.49863 0.47189 1.1419 0 0 0.36546 1.2037 3.8839 7.875 1.1608 19.735 1.3405 0 0 0 0 0 0 0 0 1.4018 0 0.95489 0 0 0 0.99395 0 0.32844 0 1.0514 1.2838 0 0.64495 1.0651 0 0 0 0 0.43795 0 0 0 0.43023 1.4807 0.54534 1.5762 1.894 1.9086 4.8663 0.87863 0 0 0 0 0.42042 0 0 0 0 1.0226 0 0 0 3.7634 0.30893 0 0.75004 12.464 1.1081 20.209 1.0152 23.762 2.513 26.903
1.1284 2.744 3.0961 0.54768 1.3229 22.038 23.754 19.706 20.891 15.26 0.28212 0 0.72333 0.64533 1.153 0.50569 4.4667 0.71951 1.6758 2.2983 5.2228 4.4076 16.566 0.41176 7.1334 2.0473 7.5423 0 1.1012 2.3988 7.7884 0.24212 0.42288 0 1.7689 1.0213 1.0994 0.92802 1.0831 0.53217 3.7856 22.901 5.838 9.6277 21.792 1.1208 1.1151 1.5588 2.5482 2.4969 1.9053 5.7191 15.676 20.516 4.3349 10.644 14.9 21.236 0.79822 1.174 1.1598 0.87972 0.5955 0.29195 0.41183 0 3.3346 9.2298 0.56264 5.3201 2.2169 1.648 0.8851 3.8876 8.3597 0.51467 0.47544 0.34732 0.2292 0.3718 1.0267 0.3401 0.34497 0.36717 0.21218 0 0.10337 0.37583 2.8637 2.4197 0.57827 1.3068 0.75729 3.023 1.1032 0.64694 0 1.0004 0 0.32912 0.17588 4.2627 0.81679 1.8263 0 0 0 0.50782 0 0.54665 0.88251 0 0 0 0 0.42256 0.29117 0 0 0 0.30803 0 0 0 0.46426 0.38678 0 0 0.54254 0.25198 0.52863 0 1.0644 0 0.52317 0.92853 0 0 0 0 0 0 0.41855 0 0 0 0.4824 0 0 0.45377 0.52669 0.50948 0 0.38003 0.53153 0 0 0 0 0 0.53526 0 0 0 0 0 0 0 0.4603 0 1.3452 4.0006 0 0.40807 0 0.47926 0 0 0 0 0 0 0 1.0255 0.45679 0.52997 0 0 0 0 0 0 0 15.744 15.959 9.266 7.9871 18.399 22.093 6.3508 0 0 0.77588 0 0 10.539 3.0477 2.6474 3.0301 3.4107 0 0 0 14.659 0 2.4657 6.1136 1.8972 8.9243 0.51471 22.69 7.6562 0.46455 0 0.45452 0 1.4266 0.46998 0.98942 0 0 0.54321 0 0 0 0 0 0 1.0685 3.5797 0 4.7645 0 0 0 0.45702 0 0 0 1.4295 0 1.4269 0 0.52223 0 0 0 3.0062 1.4413 1.5597 0 1.8856 0.77204 0 1.8006 0 0 0.38464 0 0.30197 0 0 0.29752 0 0.8344 2.9298 1.4576 4.6764 7.1958 4.825 10.329 0.53413 0.70715 0.8992 0 0 0 0 0.47237 0 0.52052 4.1066 0.46672 0.42388 0.108 0.45641 0 0 0.59574 1.3947 1.714 4.4001 0.50142 3.3351 0.59911 2.5853
0.58942 0.56781 0.91534 0 1.158 19.022 23.981 20.891 20.505 25.131 0.57439 0.42946 0.70068 0.65503 1.5755 0.23468 2.8478 0 0 1.4359 3.5711 0.73598 13.238 0 1.0215 3.8411 1.1441 0 0 1.3268 1.1844 0.37038 1.2236 0.20389 0.38586 0.49361 0.37284 0.37527 0.6566 1.7131 0 22.746 0.93593 0.65714 8.06 0.83217 0.47497 0 0 0.14447 0.40604 0 1.1505 1.9886 0 0.16169 2.2684 3.4207 0.37649 0.36922 1.2105 0.27523 0.35184 0.94197 0 0.41414 0.95047 1.2581 0.16167 0.99726 1.8007 2.4092 0.41736 1.3679 2.6655 0 0 0 0 0 0.88362 0 0.43029 0.36655 0.47453 0.31258 0.24048 0 2.7588 2.1551 0.37412 0 0.17022 3.6596 2.5565 0.42348 0 0.69783 0 0 0.88214 8.4875 0.81689 6.0858 0 0 0.48627 0 0 0 0.4328 0 0 0 0 0.46738 0 0 0 0 0 0.19945 0.33891 0 0.45951 0 0 0 0 0 0.49246 1.1094 0.49685 0.35274 0 4.4293 0 0 0 0 0 0.49779 0 0 0 0 0 1.4764 0.39096 0 0 0 0 0 0 0 0 0.53309 0.4796 0 0.84735 0 0 0.47938 0 0 0 0 0 0 2.3127 2.8296 0 0 0 0.46818 0 0 0 0 0 0 0 0 0.50524 0.55228 0 1.4464 0 0 0 0 0 22.038 19.123 18.344 16.79 24.037 23.867 4.3345 0 0.3517 0.8029 0 0.85346 13.211 4.3424 5.6218 3.088 5.9894 1.2611 0 0 13.35 0.44877 0.42776 3.2431 2.078 2.3482 0.46792 17.513 7.1363 0 0 0 0 1.0201 0.5271 0.39911 0 0.46541 0.4031 0 0 0 0.42105 0 0 0 1.6049 0 2.6256 0 0 0 0.43157 0.51359 0 0 0.38635 0 1.0128 0 0 0 0 0 0 0.53329 0 0.44176 1.422 0.67899 0 1.0163 0 0.32983 0 0 0 0 0 0 0 0.76566 0.97306 0.34987 1.0658 2.4528 2.5086 4.4782 0 0.36909 0 0 0 0 0.47411 0.99583 0.43557 0.95943 2.012 0.90365 0.53256 0.092291 0.36015 0.45005 0 0 1.0514 0.47139 7.5534 0 6.1888 0 3.9584
0 5.1122 0.95279 1.1663 2.6636 2.9086 21.19 15.26 25.131 20.639 0.15849 1.1174 1.1587 0.75766 0.85829 1.0859 11.304 1.477 1.8735 2.01 8.5668 3.013 22.047 0.61541 1.3133 8.7926 0.81773 0.70377 0.73961 1.9686 3.0178 1.5535 0.83823 0.98928 0.87666 1.0796 0.42115 0 0.83795 1.5788 0.40464 23.131 0.77885 1.2435 2.7987 0 0.9754 0.61172 1.5003 0 0.43974 1.3612 1.9952 1.2203 0 1.4698 2.3297 4.8345 0.77122 0.68594 1.1298 1.1453 0.39607 0.89319 0.17467 0.63168 0 1.5239 0.35634 3.4301 1.2071 0.89725 1.117 0.6351 4.9486 0.36244 0 0.50017 0 0 0.50224 0.35843 0 0 0.9418 0.57196 0.38175 0.29504 2.585 2.6197 0.84839 0.33649 0.17732 4.8027 3.8655 0.6326 0.45853 0.22889 0 0 0.44379 0.2236 1.018 1.5361 1.1293 0 0 0 0 0 0 0 0.41781 0 0.44493 0.43018 0 0 0 0 0 0.10433 0.37444 0 0.5158 0 0.5203 0 0 0 1.5291 0 3.0243 0 0 1.5399 0 0.60568 0 0 0 0 0 0 0.43164 0 0.55287 0 0 0.4704 1.095 1.17 0.55293 0.64678 0.56849 0 0 0.42516 0.5638 0 0.53438 0 1.0696 0 0 0.60386 0 0 0.35946 0.46103 0 0.57111 0 1.019 0.48506 0.51878 0 0 0 1.0614 0.51079 0.36801 0.93052 1.1637 0 0.56019 0.28904 0 0 0 0 0 0.41561 19.014 5.329 4.3525 9.2703 11.863 22.911 3.2089 0 0 0.53991 0.55029 0 2.722 1.4331 1.0093 0.42983 1.6497 0.45477 0 0 3.6202 0 0 0 0.89927 0 0 3.2254 1.8361 0 0.441 0 0 0 0 0 0 0 0 0 0 0.40618 0.86743 0.43713 0.42161 0.90119 4.094 0 6.442 0 0 0 0.42327 0 0 0 0 0 0.48855 0 0 0 0 0 0 0 0.54641 0 1.4052 1.2979 0 2.2255 0 0 0 0 0.78737 0 0 0 1.0895 0 0.49892 0 0 0.39795 0 0.49939 1.2216 1.1562 0 0 0 0 0 0.94339 0 0 0.45859 0.5719 0 0.23145 0 0 0 0.33607 1.8636 2.4481 8.7148 0.81539 5.9789 1.0737 5.9594
0.43288 2.6251 1.1738 0.75825 5.6188 0.28186 1.0582 0.28212 0.57439 0.15849 17.081 14.593 18.981 17.691 7.2742 17.995 7.0768 1.6869 4.5772 11.407 2.09 6.5889 1.8972 5.8185 7.9479 1.2642 2.3983 2.3515 2.4284 3.2414 1.4383 1.4855 1.7701 8.1554 6.2021 16.858 19.189 14.289 19.695 1.7564 1.644 1.4188 3.8581 1.5306 1.5885 1.4821 3.5759 1.0363 1.4728 1.3578 0.45645 0.32181 2.0955 0.3726 1.9987 9.0143 0 2.9802 2.8397 0.30828 2.2344 0.45377 0.83986 0.85899 1.3029 0.44433 0 0.40177 0.44456 0.42327 0 0.49131 0.41256 2.1285 0 0 0 1.5104 0.69541 0.7476 8.3263 3.5588 2.0713 8.1675 1.4108 0.25368 0.78136 0.88506 3.0424 4.3493 2.6801 3.1439 0 1.1654 2.0932 0.33708 0.47266 1.0395 0.50172 1.2757 5.684 0.73989 0.95449 0 0 0 0.73024 0 0 0 0 0 0 0.64077 0 0 0 0.42681 0 0 0 0 0 0 0 0 0 0 0.96089 0.4723 0 0 0 0 0 0 0 0.95915 0.43374 0 0 0 0 0.48648 0 0 0 0.50035 0 0 0 0.21618 0 0 0 0.43155 0 0 0 0 0 0 0 0.83874 1.0006 0.44441 0 0 0 0.45834 0 0 0 0 0 0 0 0 0 0 0 0 0.97475 0 0.40455 0 0 0 0 0.8243 0.87466 1.6619 2.0161 0.42072 0 0 0 0 0 0.36338 0 0 0 0.39406 0.34793 0.48402 0 0.4857 0 0.4738 0.40274 0 0.42986 0 0 0.42272 0 0.40789 0 0.37698 0 0 0 0.43834 0.43101 0 0 0.42293 0.82065 0.42661 0 0.97145 0 0 0 0 0.47804 0 0 0.77067 0 0.75883 0 0.9133 0 0.98412 0.91599 0 0 0 0 0 0 0 0 0 0 0 0 1.6872 0 1.0237 1.2557 0 2.755 0.33374 0.37637 0 0 0.38845 0 0 0 1.2377 0.32691 0 0 0 0 0.45043 0 0 0 0 0 0.46837 0 0 0 0 0 0 0 0 0.86266 0 0.194 0 4.1844 1.4047 4.3891 1.5914 2.0049 0 4.4941 1.0307
0.37194 2.6124 0.39607 0.9934 2.0691 0 1.7185 0 0.42946 1.1174 14.593 16.371 18.637 13.498 1.1616 5.1563 4.2405 21.849 15.165 13.99 2.0551 2.2778 5.3187 8.054 2.7721 1.0404 1.4501 16.313 2.5703 1.277 1.2481 2.7473 11.409 7.2336 5.3264 19.267 11.109 4.9594 5.5543 6.8777 1.705 7.0097 8.3077 2.1622 3.0024 9.5216 19.176 3.1804 3.7116 2.4652 8.1127 1.304 1.9832 4.1946 2.3437 10.58 1.8647 7.699 6.4272 7.462 5.3875 3.0186 2.8736 0.68459 1.0053 1.5532 1.8283 1.0639 1.3485 0.9127 0.52222 0.71024 0.54677 0.98381 1.9991 1.4305 1.0479 4.8661 7.9558 16.481 3.0973 2.1772 25.043 2.5585 2.0271 7.532 2.2406 11.78 1.6644 1.8295 3.3453 8.3268 2.1835 1.1904 0.52697 1.1786 7.0192 1.5103 2.9182 0.70924 11.386 2.4545 2.4816 12.21 3.0955 0.52205 0 0.51332 0 0 0 0 1.1283 0.99619 0 0 0 0.62745 0 0 1.3463 0.16723 0 1.2401 0 0 0 0.975 0.44137 1.4183 0.53843 0 0.81023 0.4061 0 0 0 0.47239 0 0 0 0.47179 0 0.99838 0 0.99658 1.004 1.2257 0 0.98745 0 0 0 0 0 0.46876 0.98154 0.54566 1.012 0 0 0 0 2.3151 2.3884 0.86188 0.5321 0.62249 1.4451 1.3764 0 0 0 0 0 0 0.57949 0.91601 0 0 1.6354 0.47093 0.47758 0 0 0 0 0 0.37668 0 0.7876 2.3642 2.5055 0 0 0 0 0 0.45338 0 0 0 0.66657 0.9257 0.38129 0 0.45036 0 0 0 0.45642 0.43058 1.2725 0 0.42746 1.2237 0 0.42829 0 2.0208 0 0 0 2.2124 0 0.41452 0.50261 0.4009 0.95779 1.7504 0 0.47815 0.83104 0.48374 0.48152 0.5819 0.47789 0 0 1.3987 0 0 0 0.7774 0.32939 2.8949 1.3877 0 0 0 0 0 0 0.50849 0 0 0 0 0 1.4546 0.83791 0 0.52175 0 0.81562 0.41683 1.3996 0.9151 0.94826 1.4241 0 0.46062 0 0.90207 0.48456 0 0.4294 0 0 0.43076 0 0.38179 0 0 0.91665 0.43536 0.4784 1.3886 0 0 0 0 0 0 2.9242 0 0.13766 0 9.6629 1.8947 7.3593 0 4.8066 0 13.139 3.5794
0 2.6037 0.2228 0.37249 2.3373 0.50099 1.4151 0.72333 0.70068 1.1587 18.981 18.637 18.664 19.044 4.1307 9.469 1.6679 15.162 21.276 19.283 4.4069 6.2064 2.6586 5.2264 7.7418 0.87325 2.1171 8.2258 2.9838 4.3881 3.7227 2.7703 5.2893 7.0888 8.0672 20.564 18.406 9.5692 9.5421 7.5079 3.5803 3.6713 9.8191 4.6607 4.2077 11.287 16.307 4.9112 2.031 3.1658 4.0822 2.616 4.0077 0.53159 5.4549 12.883 2.8292 9.9552 5.3574 7.7024 6.9563 4.7649 3.0472 1.1641 1.3993 1.7902 0.3401 1.7743 0.73621 0.96295 0 0.55777 0.78705 0.59672 1.4862 0.95546 1.5505 11.349 10.052 19.965 7.4628 4.094 21.036 8.6096 1.1996 1.3494 0.79295 3.8808 4.3798 4.1563 2.8929 5.312 2.9671 0.64774 1.8772 0.52107 3.5351 1.8835 4.2474 1.9754 17.838 2.465 1.5893 7.6762 1.4776 0.9409 0 0.60767 1.0081 1.0198 1.1987 0 0 2.756 0 0 0 3.4743 0 0 1.0191 0.19787 0.44491 0.65133 0.49034 0.51435 0 0.94909 0 0.46931 0 0.49031 0 0.42522 0.4287 0 0 0.47272 0 0 0 0 0 0 0 0 0 0 0 0.53089 0 0 0 0 0 0 0.89376 0.43183 0 0 0 0 0 0.44225 1.0504 0 0 0.4274 1.6505 0.90218 0 0 0 0 0 0 0 0 0 0 0 0.90571 0.47493 0 0 0 0 0 0 0.85055 0.35684 1.5911 4.4073 0 0 0 0 0.34089 0 0 0 0 0.41859 0.44961 0.75288 0 0 0 0 0 0.41361 0 0.43419 0.46621 0.89555 0.43897 0 0 0.47766 0.405 0 0 0.40514 2.126 0.97738 1.2627 0.42367 1.0836 1.7994 1.3486 0 0.50973 0.50348 0 0 0 0.49679 0 0 0.73014 0.44177 0 0 1.559 0 1.795 1.3254 0.39706 0 0 0 0 0.44473 0 0 0 0 0 0 2.1309 0.35746 1.2085 2.5672 1.4961 2.5283 0.31522 0.96001 0 0.86233 0.43588 0 0.37721 0.81537 0 0.4213 0 0 0 0 0 0 0.78178 0.41362 0 0.41732 0 0 0.42558 0 0.48728 0 0 0 0 2.0073 0.51661 0.34538 0 10.485 1.3772 6.9657 1.1156 5.9595 0.51045 11.797 2.9257
0.46308 1.3947 2.312 0.41475 0 0.58834 1.1427 0.64533 0.65503 0.75766 17.691 13.498 19.044 16.733 8.1482 16.817 0.97141 6.0948 15.433 16.273 2.2179 9.7799 3.5742 4.4321 4.0624 0.9509 1.3613 4.2077 2.0265 3.0036 2.588 1.1674 3.892 6.85 6.1549 18.323 10.816 8.8866 10.643 7.7651 3.2553 3.964 6.4374 2.5875 3.5581 7.6473 12.286 5.4302 4.9179 2.2395 1.481 3.1059 3.887 2.1683 2.5719 11.815 3.1766 6.7306 4.6344 3.6091 6.4826 3.1772 2.1589 1.8154 1.5093 0.45178 1.4531 1.6129 0 0.6216 2.0763 1.5356 0.25274 1.286 0.5857 0 0.49916 18.872 11.903 17.273 17.33 3.7623 11.906 14.278 1.4067 0.69706 0.74925 1.8379 1.9616 1.0555 1.914 7.8153 1.4212 1.3964 1.9678 0.69008 2.102 1.1925 3.2971 1.2757 15.212 1.0166 0.28092 2.8838 1.7355 0.52324 0.86913 0 0 0 0 0 0 3.452 0 0 0 1.1044 0 0 0.48367 0 0.74133 0.29053 0 0.17462 0.39369 0.4982 0 0.46687 0.49308 0 0 0 0 0 0 0.48259 0.94814 0 0 0 0 0.98215 0 0 0 0.51655 0 0.51034 0 0 0 0 0 0 0.90495 0.46727 0 0 0 0 0 0.45526 0.53013 0 0 0 0.44433 0.49705 0 0 0 0.50155 0.5271 0 0 0 0 0 0.51081 0.41961 0 0 0 0 0 0 0 0.45818 1.1641 2.548 2.834 0 0 0 0 0 0 0 0.37416 0.47816 0.82638 0.46033 1.1862 0.47241 0.46755 0.48518 0 0.46342 0.41001 0 0.44987 0 0.43849 0.44673 0 0 0 0.45671 0 0 0 0.46909 0.90174 0.81746 0.58528 1.1013 1.5183 1.4742 0 0.99418 0 0 0 0.4989 0 0.47087 0 1.3712 0.43091 0 0 0.43616 0 1.3029 0 0 0 0 0 0 0.45436 0 0 0 0 0 0 0.83159 0.72409 1.6771 0.30204 0 1.1417 0 0 0 0.39177 0.39201 0.37241 0.45505 0 0.23015 0 0 0 0.38153 0 0 0 1.1871 0 0 0.40519 0 0 0 0 0 0 0 0 0 1.4709 0 0 0.22274 7.8522 1.4808 6.9075 2.0469 3.7246 0 8.1414 2.8868
4.9655 4.8882 4.3174 1.8706 5.9615 0.69299 2.7105 1.153 1.5755 0.85829 7.2742 1.1616 4.1307 8.1482 17.16 19.407 21.507 1.5975 2.7289 3.9652 6.7932 5.7604 10.411 0.93408 7.6729 1.8363 7.266 3.6693 2.1688 3.8727 2.9504 1.5638 2.5656 9.653 21.075 9.0527 12.469 17.417 22.48 1.968 1.9701 8.8169 4.3352 4.9361 2.6879 1.3539 1.624 2.8179 7.0703 16.462 10.969 3.0906 5.9879 1.3604 10.461 14.968 2.0488 2.3571 3.157 2.1992 2.8905 0.4312 0.61241 0.60535 3.4204 3.2398 0.32398 0 17.859 7.9331 1.8744 4.0202 2.1077 12.365 9.5848 4.3707 6.84 2.0773 0.9988 0.83078 12.923 1.9277 2.0399 5.4831 2.4522 0.38992 0.87849 1.3748 6.8919 5.172 12.941 11.558 0.15614 1.7456 1.3039 1.2522 0.23703 1.1539 0.63779 1.2968 0.55415 0.23389 1.387 0.4041 0.79178 0.28105 5.0757 0 0.95338 1.0042 0 0 0 0 0.35817 0 0 0 0 0 0.40951 0 0.2573 0.77159 1.8403 0 0 0 0.43641 0 0.49212 0.9927 1.949 0 0 0 0 0.32977 0 0 0 0 0 0 0.43854 0 0 0 0.45774 0.52427 0.53195 0.48644 0.52822 0 0.47971 0.90318 0.45469 0.92336 0 0 0 0 0.47448 0.47791 1.5056 0 0.45435 0.47368 0 0.4768 0.46173 1.2831 0.44937 0.47773 0.46483 0.47799 0.48638 0.50941 0 0 0 0 0.49819 0 0.48971 0 0 0.33491 0 1.7724 0.94724 3.7354 2.9699 0 0 0 0 0 0 0.44539 0 0 0 0.44091 1.258 0 0.49211 0.42887 0 0 0 0 0 0 0 1.3214 0 0.42964 0 0.95859 0 0 0 0.86022 0.48182 0 0.58613 1.0639 0.54399 0.49267 0 0 0.41333 0 0 0.43826 0.43417 0 0 0.63927 0 1.5232 0 0 0 0.48156 0 0 0.48926 0 0.4354 0 0.72844 0 0 0 0 0 0 1.9157 1.084 2.1072 0.86501 0.94399 3.9787 0 0.34991 1.4094 0 0.85305 0 0.35619 0 1.6581 0.69596 0 0 0 0 0 0 0.7544 1.7816 0 0.55885 0 0.42351 0 0 0 0 0 0 0 0.84907 0 0 0 2.2274 2.1648 9.4617 2.926 5.213 0.47978 9.2527 3.3663
1.3593 2.4569 1.9497 0.43209 1.8727 0.55012 0.80859 0.50569 0.23468 1.0859 17.995 5.1563 9.469 16.817 19.407 18.871 10.23 2.5082 4.856 11.671 4.0265 15.938 3.0342 2.0343 5.1743 1.4935 6.2341 10.818 3.0612 3.7849 3.8324 4.7526 4.7459 10.767 15.407 13.212 16.694 18.164 22.425 7.0636 6.9307 3.7296 5.9592 5.3949 5.1735 2.5752 3.2043 2.7583 14.376 11.616 6.6723 2.0969 10.654 2.9904 9.8046 16.528 3.5012 8.1445 7.2189 1.3114 4.613 3.2984 2.2023 1.7988 2.2502 2.6389 1.5412 3.9759 11.509 1.895 2.1098 5.2997 1.0918 7.6629 4.1593 3.2124 6.3987 9.0842 2.5415 2.1626 20.192 12.418 4.3275 25.391 0.46727 0.6757 0 0.34234 2.1698 1.44 5.6581 10.495 2.8369 1.3057 2.8848 1.4449 1.8742 1.5528 4.6062 4.5678 6.0511 0.26927 0.96351 1.8421 3.8908 2.8533 6.2544 0.46327 0.44091 1.917 0 2.2237 0 8.7588 0.43818 0 0 1.1025 0 0 0 0 0.41723 0 0 0.14373 0 0 0 1.0227 0.52043 0.55189 1.0397 0 0 0 0 0.93512 0.45363 0 0 0 0 0.9441 0 0 0 0 0 0 0.51302 0 0 0 0.42817 1.1741 0.89501 1.4236 1.004 0 0 0 0.45032 1.4523 2.9091 0.48232 0 0 0.30298 1.4388 0 0.86237 0 0 0 0 0 0 0 0 0 0.46899 0.48233 0 0 0 0.41918 0 0.4368 0.37807 0.82096 3.2676 1.3256 0 0 0 0.46366 0 0 0 0 0 0.4135 0.4087 1.7267 0 0.46593 0 0.94883 0 0.40676 0 0 0 0 1.3332 0 0.43671 0 1.8194 0 0 0.59144 1.3238 0.59078 0.38069 0.5054 0.48069 0.99583 1.4438 0 0 0.4107 0 0.4629 0.51877 0 0.42392 0.42457 0.41872 0 0 0.39102 0.44448 0 0.85896 0 0 0.46647 0 0.41581 0 0 0 0 0 0 0 0 1.3782 0.73997 0.72849 1.6702 0 0 0.45071 0.97146 0.98891 0.4793 0.47364 0 0 0 1.4558 0 0 0 0 0 0 0 0.36563 0 0.50102 0.53045 1.0124 0.89873 0.46803 0 0 0 0 0 0 0.94724 0.12511 0 0.32225 4.1587 1.006 9.4234 2.3822 5.8367 0 8.7565 3.5388
12.504 21.272 14.887 14.309 22.234 2.6309 9.0555 4.4667 2.8478 11.304 7.0768 4.2405 1.6679 0.97141 21.507 10.23 20.57 1.5268 0.92188 5.2135 3.6754 2.0731 18.479 1.0775 4.8162 1.3995 2.5578 5.3025 0 1.4881 1.1602 0.70412 3.0036 4.1171 23.629 3.849 2.6874 8.6667 7.299 2.5585 0.4842 7.5494 2.2688 7.8351 0.37028 0.96723 6.0939 0.4337 11.004 14.622 8.8782 3.2809 3.0925 2.4555 5.0911 9.8489 1.6305 5.8244 4.1907 1.9792 0.70613 2.6005 1.0893 0.38219 3.195 6.3505 0 1.5733 13.444 18.736 8.5273 1.7491 10.886 8.9394 25.199 8.1053 3.9233 0.71897 2.6261 1.8442 1.45 0.80589 1.6599 1.3765 1.3119 2.3864 1.0749 0.64616 1.3428 1.0039 20.901 17.306 3.4985 2.2647 1.8979 2.7525 2.1681 0.58534 0 0.29845 1.0985 0.19985 0.46098 0.57871 0 0 0.98825 0.57719 0.59779 3.4066 0 1.6852 0.7605 0 0 1.8634 0 0.80902 0.48564 0 1.1627 0.36791 0 0 0 0 0.46789 5.733 8.1432 0.29166 1.1369 0 1.689 0 0.54036 0 0 0 0.46076 0 0 0 0 0.5024 0.7853 0 0 0.45372 0.21588 0.38686 0.25381 0 0.61848 0 0.9612 0 0 2.8786 1.8229 0.43118 0.67695 0 0 0.50317 2.6659 2.1847 0 0 1.0536 0.45336 0 0 0 0 0 0 0 0 0 0 0.28459 0 1.4189 2.0555 0 0.49434 2.1357 0.4736 0.80743 4.7333 3.4375 7.0763 5.6257 0 0 0 0 0 0.92097 0.32371 0 0 0.80792 0 1.7329 0 0 0 0 0.84494 1.2955 0.85786 0.48337 1.3835 0.5001 2.2699 0 0 0.39943 1.3215 0 0 0 0.80923 0 0 0 0 0 0 0 0.49422 0 0 0 0 0.80023 0 9.2749 18.657 0 9.5471 0 0 0 0 0 0 0 0 0 0 0 0 0 0 0 0 0 0.69817 0 1.0636 0.37962 0 1.027 0.41838 0 1.3958 0 1.4211 1.3606 0 0 2.2321 0 0 0 0 0 0 0 0.41698 0 0.51919 0 0.49168 1.3687 0 0 0 0 0 0.47466 0 0.61192 0 0.41695 0 5.5936 1.1094 20.156 3.4182 17.293 3.5693 22.624 5.433
0 0.50665 0.45458 0.26764 0 0.25673 2.6329 0.71951 0 1.477 1.6869 21.849 15.162 6.0948 1.5975 2.5082 1.5268 18.145 18.684 10.8 1.0998 2.8453 6.3255 1.2535 2.3869 8.485 2.4742 14.835 3.7809 3.2266 9.6784 2.171 17.905 6.0675 4.4809 11.18 3.5084 1.8464 1.8285 5.3218 4.1908 3.2935 20.176 6.5876 6.1993 16.454 12.918 19.687 2.3628 1.9693 9.1822 3.2769 3.8007 1.9562 1.3277 5.0604 9.3209 9.466 3.2234 4.5588 5.093 10.4 7.0261 1.0363 0.33475 2.0928 4.1993 0.89523 2.5036 2.3262 2.2985 0.33626 0.46151 0.54309 0.88868 0 0 6.2669 15.832 23.231 1.5558 1.5698 18.875 5.1256 5.674 14.015 3.5121 5.5661 5.3661 2.7572 2.3496 2.4336 0.2344 4.2247 2.5409 0.94029 6.1885 2.5595 2.0548 0.34211 5.9299 7.4622 3.342 8.1532 1.9679 0 0 0.80507 0.4945 0.92989 0 0 0 1.3198 0.27014 0.73971 0 0 0.4634 0 0.39775 0 0.43021 0.62819 0.87996 0.85741 1.2305 1.6398 0.5369 2.1723 1.5087 2.3782 1.509 0.52928 0 0 0 0 0 0.25486 1.2901 0.59701 0 0.91215 0.42212 2.2581 0.58491 0.50384 0.58869 1.0551 0.51443 2.125 0 1.0593 0.98414 2.1282 0.98514 0.55693 0.51629 0.40934 1.0255 0 0.9376 0 1.1086 0.57425 0 0 0.31011 0 1.6651 0.42465 0.83652 0.45586 0.96816 1.3562 0.57632 0 0 0.43382 0.53123 0.77867 0.47929 0.47625 0.37627 0.54809 0.33827 0 0 0.33648 0.35232 0 0.44309 0 0.26443 0 0 1.0979 0.70302 1.5653 0 0 0.35765 0.75024 0 0.37388 0.40867 1.1023 1.2419 1.5675 0.37873 0 0 0 0.73817 0.29786 0 0.31649 1.8959 0 1.9202 0.8158 0 0.42582 0 0 0 0 0.95878 1.4489 0 1.2452 0.4234 0.3525 0.42488 0.86103 0.4042 1.6853 0.42576 1.5469 0.42702 0.64143 0.50695 1.1754 0.41469 0.8376 0 0 0 0.39136 0 0.78563 0.39802 0.83296 0 0.38864 0.40923 1.2035 0 1.4508 0.29176 3.168 1.3288 0.66092 4.2209 0.45359 0 0.36277 0 0.36875 0 0.80255 0 1.2222 0.78881 2.2469 0 0.36706 0.43539 0.38401 1.2177 1.6642 1.7394 0 0.80826 0 0 0 0.45719 0.42654 0.80815 1.2379 0.42886 0.80833 1.4365 6.1933 0.66874 0.75614 1.7869 15.824 1.4793 8.7328 0 7.5121 1.9642 15.282
0.79702 0.85348 7.5164 1.6417 1.3203 0 2.13 1.6758 0 1.8735 4.5772 15.165 21.276 15.433 2.7289 4.856 0.92188 18.684 19.801 20.295 2.1242 8.2599 4.3754 2.0372 5.5333 5.5393 5.1303 6.7152 3.3939 10.58 9.2529 7.9489 10.376 5.9753 16.9 11.931 6.7343 8.1485 2.7155 19.596 8.8298 7.674 21.62 19.827 7.8196 16.899 12.544 17.242 2.2127 5.3138 8.3123 5.3743 3.9501 0.20392 2.8507 9.7194 6.1199 16.304 5.5314 10.261 4.353 10.328 5.537 2.464 2.866 0.46294 3.0103 3.0974 2.0937 2.3758 0.51854 0.92596 0.39776 0.82525 1.2644 0 1.4944 19.794 14.609 24.234 8.0931 2.8912 18.276 8.5251 1.1953 5.6469 1.6404 4.8194 0.86708 1.358 1.2318 3.0249 1.3707 5.9604 3.8833 1.2086 3.1195 1.084 3.5426 0.50846 12.46 5.3165 0.93815 7.1556 6.0955 1.7565 0.52544 0.38099 0 0 0 0.47232 1.9725 1.2203 0.80214 0.85259 0 0 1.6399 0 0 0 0 0 0.92546 0 0.80049 0 0 0.55734 0.86073 1.9561 1.46 0 0 0 0 0 0 0 0.86379 0.45131 0.47134 1.4695 0.46855 0.53429 0 0 0 0 0 1.0328 1.0269 0 0.44355 0 0.99986 0 0.57411 0 0.95012 0 0.92724 0 0.41344 0 0 0 0 0 0.43167 0.89897 0.48899 0.88691 0.8906 0.93345 0 0 0 0.49531 0 0.5001 0 0.46613 0.39062 0 0.40131 0 0 0 0 0.41342 1.8471 0 0 0 0 0.75452 2.5808 2.8737 0 0 0.34135 0.50355 0.87842 0.40865 0.76668 0.74336 1.2932 2.7977 0 0 0 0.41376 0 0.36977 0.94328 0 1.185 0.4014 2.9341 0 0 1.7663 0 0.48116 0 0.58028 0.47505 0.99066 0.54109 2.3923 1.3424 1.1768 1.3937 1.0077 1.4179 1.68 0 0 0 0.99591 0 0 1.1977 0 0.43623 0.40973 0.39408 0.76538 0.38641 0.38956 0.41076 1.2628 0.41472 0.40898 0.79176 0.39353 0 1.2255 0 0.66235 0.95595 0.36785 0.35865 0.37912 0.40618 0 0.4119 0.51539 0 0 0.58302 0.48595 0 0 0 0.38356 1.7333 0.83721 1.2589 0 0 0 0.43458 0 0.50675 0 0 0.8425 0.86887 0.42221 0.40252 0.41934 0 4.9083 0 0.73037 1.0284 13.482 2.6725 7.5665 0.4975 5.641 2.8661 13.096
0 0.84135 1.264 3.0999 9.6132 1.0602 1.9667 2.2983 1.4359 2.01 11.407 13.99 19.283 16.273 3.9652 11.671 5.2135 10.8 20.295 17.7 9.5268 18.535 2.1366 2.7679 4.1554 3.1969 6.433 7.4434 2.0318 10.134 4.6023 3.5689 6.3383 2.2556 12.872 13.28 7.7076 5.2124 6.8011 16.845 10.77 4.939 17.5 13.606 6.43 14.168 14.121 11.156 2.4537 5.1807 4.7582 12.315 6.522 1.8764 3.1005 7.5014 5.3738 13.975 4.0448 3.6682 7.7523 6.8447 4.666 0.75308 2.0457 2.9903 2.7874 5.0772 1.7386 0.82543 3.7406 3.1603 2.576 3.2784 1.5857 0.77023 2.5027 22.585 13.668 22.467 16.506 6.0283 18.308 20.009 3.5174 4.1147 2.3258 2.5816 5.377 2.9625 2.3085 6.1156 4.3176 3.3162 5.5207 0.43024 6.505 3.6618 5.968 4.9702 19.452 1.2415 1.0408 3.0641 5.2089 3.4523 1.6643 1.1731 0.55406 0 0 0.42994 1.3452 5.0046 2.033 0.94849 0.9895 2.6931 1.5617 0.40747 1.2001 0.99531 0.17205 0 0 0 0.43398 0 0 0 0 0.51427 0.51894 0 0 0.47194 0 0 0 0 0.4464 0 0.89151 0.9616 0 0.53899 1.1289 0.52353 0 0 0 0 0 0 0 0 0 0 0.53842 0 0.48891 0 0 0.89811 0.87939 0.55266 0 0.51094 0.53948 0.54644 0.81218 0.43852 0 0.41783 0.49086 0.45412 0 0 0.44541 0 0.53078 0 0 0 0 0 0 0 0 0 0 0 0.79616 0 0 0.43597 0.42597 0 2.3791 4.8154 0 0 0 0.90104 0.40807 0.40693 0 0.85685 0.78595 4.0453 0.38262 0 0 0.79818 0 0.38706 1.379 0.80106 0.79721 0.4278 1.6158 0 0 0.81433 0 0 0.97342 0 0 0.46329 0 1.8082 0 2.1084 0.54674 0.44865 0.50777 0.86266 0 0.54974 0 0.8605 0.82961 0.32384 0.8236 1.8563 1.2754 1.2499 0 0.38322 0.39273 0.39813 0.42385 1.2909 0.7395 0.80211 0.83379 0.41498 0 1.1094 1.3253 3.81 0 0.3179 1.3565 0 0.40822 0.49614 0.7891 0 0.40127 0 0 0 0 0.79678 0 0.36877 0.84233 0.46758 1.2971 1.776 0.84894 0 0.39509 0 0 0 0 0.43277 0 0 0 0 0.37234 4.5593 0.50511 0 4.2831 9.512 2.5204 6.2671 0.41132 5.7273 5.7172 8.7854
0.99434 1.0967 4.7751 0.37736 0 3.7117 5.0809 5.2228 3.5711 8.5668 2.09 2.0551 4.4069 2.2179 6.7932 4.0265 3.6754 1.0998 2.1242 9.5268 18.146 19.5 21.662 0.44957 0.16048 3.3586 0.99028 3.5216 2.7393 2.9581 2.1394 7.9919 3.2661 8.6014 5.9406 2.6374 5.4858 8.4259 6.1117 10.242 8.3619 21.981 9.2195 14.295 17.711 22.693 1.4405 7.1022 6.3575 3.7738 4.0804 6.8055 16.624 11.312 4.2507 8.4009 10.61 16.581 1.3798 0 2.9295 1.5082 2.9418 3.0485 1.0319 0.57068 0.87501 4.1329 16.282 11.808 7.2613 10.056 0.56653 18.222 9.4701 1.8338 6.1696 3.5085 0.87662 2.0941 12.889 2.6902 1.4988 11.494 1.8514 0 1.0712 0.93115 1.4069 1.3088 2.4121 3.6688 0.48833 11.608 8.548 0.94593 0.2565 0.78945 0.79303 0 4.9201 3.5461 2.4317 1.716 2.7585 1.3475 3.8806 0 0 0 0.72213 1.8232 0 2.0313 0.93851 0 0 0 0.60788 0 0 0 0.24175 0.56637 0.22939 0.38007 0.37832 0 0 0 0 0.46247 0.526 0 0 0 0 0 0 0.4594 0 0 0 0.87468 0.90188 0 0 0.51158 0 0 0.41524 0.44522 0.44486 0 0 0 0 0 0 0 0.93491 0.42027 0.40079 0 0.38947 0 0 0 0 0 0.38102 0 0.81523 0 0.84666 1.3395 0 0 0 0.50737 0 0 0 0 0.90481 0 0 0 0 0 0 0 0.49067 0 0 0.41102 0.40881 0.34819 1.9942 2.6352 0 0 0 0 0 0 0 0.79985 0.42971 0.42821 0 0 0 0.43525 0 0 0 0 1.6361 0 0.4648 0.81617 0 0.79908 0 0.48083 0.35827 0 0 0 0.59531 0.58019 0 0.23645 0.55031 0.46494 0.84088 0.85912 0 0 0 0 0 0 0.37597 0.53794 0 0 0 0 0 0 0.76741 0.85498 0 0 0 0.80679 0.22189 0 0.31568 0.7306 3.5945 1.2397 1.6302 0 0 0.51535 0 0.30875 0 0.39054 0.41401 0.50628 0.45786 0.46067 0 0 0.27894 0 0 0 2.241 0 0 0 0 0 0 0 0 0.42475 0 0 0.33114 0.22434 0 0 1.53 5.8622 4.1986 10.852 1.8777 5.8298 4.0307 11.085
0 0.47382 0.52574 0 0 2.8403 3.6394 4.4076 0.73598 3.013 6.5889 2.2778 6.2064 9.7799 5.7604 15.938 2.0731 2.8453 8.2599 18.535 19.5 19.741 9.15 0.95127 3.3005 3.5487 3.1399 5.6669 2.2871 8.891 9.1319 3.2199 4.2446 13.664 7.2899 6.0588 5.9109 8.3023 5.5242 20.16 15.345 17.635 15.205 17.386 16.919 22.152 5.4685 6.9702 7.938 8.9812 2.8117 6.8136 20.579 5.6214 7.5953 9.3756 9.9984 17.402 3.4994 0.95324 2.9925 4.1849 7.7759 0.56294 0.86474 1.8026 3.4655 8.4324 10.482 4.817 4.5005 14.179 2.8053 14.543 7.6555 4.1498 7.6592 12.945 7.4253 4.2776 24.649 15.829 4.9721 21.812 3.405 0.32276 1.2435 0.76513 6.6195 1.1208 3.6253 6.1361 2.3033 7.2596 8.9088 1.66 1.8917 2.9117 5.9363 4.041 6.9323 0 0 0.58413 3.5467 5.6155 5.338 2.8079 1.6627 0.90191 1.4977 4.8119 0.47156 10.1 1.5335 2.0042 1.5673 3.3724 2.2367 0.43789 0 0 0 0 0.48733 0 0 0.50911 0 0.52664 1.0192 0.95551 0.94889 0 0 0 0 0.54593 0.53818 0 0 0 0 1.4105 0 0.50229 1.0886 1.0288 1.0395 0.50794 0.53053 1.0628 0 0 1.0437 0.51006 0 0.50862 0.52699 0 0.4172 0 0.9232 0.51304 0.43517 0 0 0 0.42297 0 0.41208 0.94071 0 0 0.85857 0.95218 0 0 0 0 0.40601 0.51193 0 0.44225 0.92435 0.98169 0 0 0 0.34825 0.37675 0.88101 0.81399 0 0 0.41793 0.89333 0.93804 1.9677 1.7022 0 0 0.88673 0.42474 1.752 0.43014 0.42287 0.41255 1.2719 1.6448 0.37253 0 0 0.81786 0 0.3814 0.45449 0.45883 1.7509 0.99349 2.1194 0.43764 0.5051 2.0752 2.3789 0 1.4182 3.0655 4.3252 1.7956 1.0614 2.3915 1.1678 1.374 1.6098 2.0422 3.2753 3.2965 0 0.43192 0.91779 0.89102 1.0079 0.37107 0.37077 0.47228 0 0 0 0.39058 0 0 0 0 0 0 0 0.83832 0.46522 1.2723 1.2686 1.0769 0.30125 0 1.106 0 0 0 0 0 0.75977 0.82412 0 0 0.39481 0.36152 0 0.37649 0 0.4093 0.87944 1.4148 0.43023 0 0 0 0 0.44684 0 0.44921 0 0.3839 0.46723 0 0.24119 1.2671 0.24742 0 2.8208 4.891 5.2645 9.7635 1.5636 3.5242 3.8711 9.6606
1.6265 6.1358 2.5027 1.3071 1.1325 12.373 21.629 16.566 13.238 22.047 1.8972 5.3187 2.6586 3.5742 10.411 3.0342 18.479 6.3255 4.3754 2.1366 21.662 9.15 19.784 0.62019 0.86789 4.7078 2.5111 4.6635 0.96146 4.5875 3.0966 6.076 5.9934 0.40965 2.2891 4.4126 2.3851 2.2301 3.9825 5.6103 2.6916 23.855 3.7613 6.9601 7.0993 7.4723 2.393 7.7327 11.506 5.0054 1.2099 7.3985 12.469 13.821 2.8236 3.68 7.3003 13.536 2.8011 1.2701 4.0101 2.6406 0.86812 1.4946 0.78666 1.9293 1.0655 7.4741 8.3105 24.676 12.021 3.001 12.507 14.052 18.265 5.0199 1.5748 1.0852 0 1.7531 2.0661 0.49104 1.5945 1.313 1.2404 0 1.9794 0.49822 2.0943 7.1683 3.8857 2.7252 2.9282 13.528 8.9699 3.1041 1.0054 0.4612 0 0 1.1324 0 0.64553 0.28828 0.91338 1.3134 1.571 0 1.2945 2.8992 0.83014 1.493 0.88807 0.91845 4.1345 4.3439 2.5648 0 3.1027 0.24245 0.5777 0.46499 0 1.9028 1.6457 0.52316 1.4564 1.1499 2.2747 2.336 0.33054 0.29386 6.9976 0 0 0 0 0.55568 0 0 0 0 0.48648 0.46126 0.47031 1.1134 1.5731 0.41921 0.46937 0.88356 0 0.94983 0 0.19295 2.915 0 1.0139 2.527 0.40639 0 0.4203 0.45206 0.45082 0.9078 0.89176 1.1053 0 0 2.0512 0 0 0.90483 0.64732 0 0 0 0 0 0 0 0.61002 0.25188 1.2774 0.92238 0.47633 1.4938 0.47147 0.87281 0 1.0076 0 0.51786 0.46095 0.7753 0 0.43503 3.5683 2.0522 2.0992 2.2056 0 0 0.99176 0 0 0.43985 0.37718 0.47196 1.257 2.0785 0.91448 0 0 0.39261 0 0.50071 0 0 1.7629 0 1.9344 0.82579 0 0 0 0 0 0 0 0 2.2614 2.6903 3.1093 1.2809 2.5287 2.4769 1.7666 1.762 8.8937 15.395 0.98073 19.073 1.43 0 0 0.50266 0 0 0 0 0 0 0 0.4176 0 0 0 0.91213 0 1.2668 0.58261 2.1046 1.4082 0 3.2246 0.37237 0.31139 0 0 0.33074 0 0 0 0 0 0 0.7835 0 0.47871 0 1.2731 0.72808 1.1078 0 0 0 0 0 0 0 0 1.3004 0 0 1.2917 0.8731 0.83699 0 1.7688 7.9165 6.355 15.818 5.3158 11.97 11.722 22.482
0.35356 0.8854 2.2464 0.70263 0.39293 0.84601 0 0.41176 0 0.61541 5.8185 8.054 5.2264 4.4321 0.93408 2.0343 1.0775 1.2535 2.0372 2.7679 0.44957 0.95127 0.62019 14.909 13.377 14.637 17.177 18.539 1.5991 2.3636 2.8905 4.9923 2.081 1.6053 4.1233 11.532 8.7111 5.774 4.8012 1.3226 1.3608 4.2716 3.9989 3.6417 0.97558 2.28 17.007 3.8655 2.9143 0.47935 2.8209 1.9798 0.25533 2.7617 1.1051 2.7302 2.5503 4.0782 5.9603 15.42 18.452 1.8075 0.26686 2.6291 1.2741 1.4839 0.89657 0.74236 0.66115 1.514 0.52855 1.1785 1.0229 0.56399 0.795 0.79575 3.3621 0.87026 2.6531 4.8446 2.2236 3.6733 2.4601 1.4445 3.5543 6.6756 2.599 4.5957 14.112 2.3025 3.6551 2.0375 7.9233 0.38895 0.14646 1.076 2.864 3.1696 1.5724 0 0.36966 0.68664 1.1277 2.1995 0 0 1.0166 0 0 0 0.45851 0 0 0 0 0 0.59378 3.4783 1.5571 0.68513 7.2442 2.3757 2.2126 1.4186 0 0 0 9.304 5.5658 8.7852 0 1.0489 0.51328 2.916 1.0658 1.5205 0 5.5921 0 1.0766 0 0 1.4945 0.51871 0 12.451 14.447 5.8118 3.188 9.9171 0 1.6789 0 0 0.57772 1.5923 4.3941 1.5073 4.4972 0.43536 0 0.51779 1.0283 6.2356 7.7451 2.7914 4.1566 6.0864 6.1129 6.2645 0.436 0.54605 0 1.1117 0 0.48349 8.0617 2.407 0.53916 0.5067 6.8611 3.8173 6.1349 0 1.3313 0 0.45195 0.45268 0.73362 0.28849 0.35864 1.1016 1.5386 0 0 0.45378 0 0 0 0 0 0.43098 1.1655 1.7929 3.7196 0.52111 0 0 0 0.3265 1.2417 0.86994 0.82666 0.47453 0.41018 1.6661 0 0 0 2.1682 0 0 1.3095 2.0942 1.7947 0.39919 0.55605 1.9575 3.1276 2.6341 0 0 1.1482 0.52851 0 0 0 0.89715 0 0.42853 0 0 0 3.0052 0.50218 14.483 6.4157 0.52789 1.2727 2.246 0.34549 0 0.84844 0 0.50501 0 0.48075 0.44284 0 12.619 8.7821 9.5595 1.2736 0.34621 2.2614 0.97853 6.5838 4.9201 3.5873 2.6156 0.76895 3.3472 1.4125 1.2626 0.44947 0 1.2611 0 0 0 0 6.984 0.26341 0 2.5854 0.49754 0.45032 2.0059 0 0 0 0 0 0 1.5684 0.40238 0.23152 0 6.8019 0.32094 12.72 0.47069 3.2832 0 3.3778 1.1569
